$ 1 0.000005 0.32112705431535615 25 5 50 5e-11
183 496 240 624 240 0 0.5 1.66 3.33 5 0
O 416 160 352 160 0 0
w 320 240 416 240 0
w 416 240 416 160 0
w 624 160 624 240 0
c 416 240 416 320 0 1e-8 1.9915890989096154 0.001
g 416 320 416 336 0 0
w 416 240 496 240 0
d 592 160 512 160 2 default-led
w 592 160 624 160 0
w 512 160 416 160 0
i 320 240 320 320 0 0.000027999999999999996
g 320 320 320 336 0 0
183 1072 96 1184 96 0 0.5 1.66 3.33 5 0
r 1184 96 1184 176 0 100000
g 1184 176 1184 192 0 0
a 960 96 1072 96 8 15 -15 1000000 4.099852533165495 4.1 100000
w 416 160 416 64 0
403 1232 144 1360 208 0 14_4_3_4098_5_0.1_0_1
r 960 80 848 80 0 10000
w 1072 96 1072 16 0
w 960 80 960 16 0
r 960 16 1072 16 0 50500
w 752 64 560 64 0
r 960 192 1056 192 0 10000
g 960 256 960 288 0 0
R 1056 192 1104 192 0 0 40 8.2 0 0 0.5
r 960 192 960 256 0 10000
w 960 192 960 112 0
a 752 80 848 80 9 15 -15 1000000 1.9915691832177833 1.9915890989096154 100000
w 560 64 416 64 0
w 752 96 752 144 0
w 752 144 848 144 0
w 848 144 848 80 0
o 1 1 0 12290 4.847598604033797 0.0001 0 1
o 13 1 0 4098 20 0.1 1 2 13 3
o 14 1 0 4098 5 0.1 2 2 14 3
38 11 0 0 0.00019999999999999998 Current
38 26 0 0 10 Voltage
38 22 0 1000 100000 Resistance
