$ 1 0.000005 1.3241202019156522 61 5 50 5e-11
R 96 176 48 176 0 0 40 5 0 0 0.5
174 96 176 96 272 1 10000 0.005 Expression
g 96 304 96 320 0 0
a 336 448 464 448 8 15 -15 1000000 0.4908132716470992 0.4908181797798157 100000
w 336 368 464 368 0
w 464 368 464 448 0
r 144 224 256 224 0 10000
r 256 224 256 304 0 1100
g 256 304 256 320 0 0
w 96 272 96 304 0
w 336 368 336 432 0
w 256 224 304 224 0
w 464 208 528 208 0
r 528 208 576 208 0 1000
a 576 224 672 224 8 15 -15 1000000 0.24552127875388746 0.24552128104674603 100000
r 592 128 640 128 0 1000
w 576 208 576 128 0
w 576 128 592 128 0
w 640 128 672 128 0
w 672 128 672 224 0
R 528 240 496 240 0 0 40 5 0 0 0.5
r 528 240 576 240 0 10000
r 576 240 576 304 0 516.4
g 576 304 576 320 0 0
p 672 128 672 48 1 0 0
p 464 448 464 496 1 0 0
402 736 304 864 304 1 0\s0\s40\s-9\s0\s0\s0.5 0\s0\s40\s9\s0\s0\s0.5 0\s1\s-9.07873610900808\s0.13296509255032696\s100\sdefault 0\s1\s-0.13296509255032696\s0.1439584751548697\s100\sdefault 0\s1\s0\s0.1439584751548697\s100\sdefault 0\s1\s-8.196220444080762\s0.13515359493382328\s100\sdefault 0\s1\s-8.724324007066127\s-0.35543039085260025\s100\sdefault 0\s-1\s0.15133375321795128\s-0.16163253105418818\s100\sdefault 0\s-1\s0\s-0.16163253105418818\s100\sdefault 0\s-1\s17.34600612380532\s-0.15133375321795128\s100\sdefault 0\s-1\s0.13228134000625502\s-0.14316536706694194\s100\sdefault 0\s-1\s0\s-0.14316536706694194\s100\sdefault 0\s-1\s8.72453574164873\s-0.13228134000625502\s100\sdefault 0\s1\s0\s0.17196147449593546\s100\sdefault 0\s1\s-0.16906611742660438\s0.17196147449593546\s100\sdefault 0\s1\s-8.658989959355534\s0.16906611742660438\s100\sdefault 0\s1\s0\s0.10024016598228191\s100\sdefault 0\s1\s0\s0.5908241517687055\s100\sdefault
R 672 304 624 304 0 0 40 9 0 0 0.5
r 672 304 736 304 0 10000
w 736 224 736 272 0
w 464 368 672 368 0
w 736 368 736 336 0
w 672 368 672 432 0
r 672 432 736 432 0 1000
r 864 304 960 304 0 1000
w 736 432 960 432 0
w 960 432 960 304 0
i 1088 0 1088 64 0 0.00049
w 1088 0 1136 0 0
g 1136 0 1136 16 0 0
w 960 304 1024 304 0
a 1024 320 1136 320 8 15 -15 1000000 0.00001760353092514809 0 100000
w 1024 304 1024 240 0
r 1024 240 1168 240 0 2400
r 1168 240 1296 240 0 10000
g 1296 240 1296 256 0 0
g 1024 336 1024 352 0 0
t 1136 320 1168 320 0 -1 6.07498944196451 -0.5824612179737609 100 default
w 1168 304 1168 240 0
370 1168 336 1168 400 1 0 0
402 1056 592 1184 592 1 0\s0\s40\s-9\s0\s0\s0.5 0\s0\s40\s9\s0\s0\s0.5 0\s1\s-10.064357016340256\s0.5824561473536436\s100\sdefault 0\s1\s-0.5824561473536436\s0.5822013181670371\s100\sdefault 0\s1\s0\s0.5822013181670371\s100\sdefault 0\s1\s-5.073248756018977\s0.5660005770594752\s100\sdefault 0\s1\s-5.08400123481184\s0.5624164175627837\s100\sdefault 0\s-1\s0.5659955066914275\s-0.565740678369183\s100\sdefault 0\s-1\s0\s-0.565740678369183\s100\sdefault 0\s-1\s15.736537767845462\s-0.5659955066914275\s100\sdefault 0\s-1\s0.5624113472886751\s-0.5621565184757635\s100\sdefault 0\s-1\s0\s-0.5621565184757635\s100\sdefault 0\s-1\s8.287349380071625\s-0.5624113472886751\s100\sdefault 0\s1\s0\s0.5657356090533412\s100\sdefault 0\s1\s-0.5659904380405862\s0.5657356090533412\s100\sdefault 0\s1\s-7.456356707070009\s0.5659904380405862\s100\sdefault 0\s1\s0\s0.5607304954870056\s100\sdefault 0\s1\s0\s0.564314654983697\s100\sdefault
r 992 592 1056 592 0 10000
R 992 592 944 592 0 0 40 9 0 0 0.5
w 672 224 736 224 0
w 336 144 336 192 0
w 464 144 464 208 0
w 336 144 464 144 0
a 336 208 464 208 8 15 -15 1000000 0.4908132716470992 0.4908181797798157 100000
w 112 224 144 224 0
R -96 576 -160 576 0 1 40 0.8 0 0 0.5
w 784 560 992 560 0
r 992 560 1056 560 0 10000
r 992 624 1056 624 0 10000
R -96 640 -160 640 0 2 100 0.8 0 0 0.5
w 784 624 992 624 0
w 992 624 992 688 0
r 992 688 1056 688 0 10000
w 1056 688 1248 688 0
r 1184 592 1248 592 0 10000
w 1248 688 1248 592 0
a 1328 608 1440 608 8 15 -15 1000000 -0.000008899855736135988 0 100000
w 1248 592 1328 592 0
w 1328 592 1328 544 0
r 1328 544 1440 544 0 42000
w 1440 544 1440 608 0
g 1328 624 1328 640 0 0
O 1440 608 1536 608 0 0
w 1168 400 1168 560 0
w 672 368 736 368 0
w 304 224 304 464 0
w 304 464 336 464 0
w 304 224 336 224 0
370 848 -80 848 -16 1 0 0
w 848 -112 848 -176 0
t 816 -96 848 -96 0 -1 8.727529123861876 0.00445274452179589 100 default
g 704 -80 704 -64 0 0
g 976 -176 976 -160 0 0
r 848 -176 976 -176 0 10000
r 704 -176 848 -176 0 2400
w 704 -112 704 -176 0
a 704 -96 816 -96 8 15 -15 1000000 -4.452691567072837e-8 0 100000
w 640 -112 704 -112 0
R 544 -112 496 -112 0 0 40 0 0 0 0.5
w 848 -16 848 272 0
r 544 -112 640 -112 0 12680
p 784 624 784 688 1 0 0
w -96 496 32 496 0
a -96 560 32 560 8 15 -15 1000000 -0.7926357551993828 -0.7926436815569348 100000
a -96 656 16 656 9 15 -15 1000000 0.7999920000799992 0.8 100000
w 16 656 16 704 0
w 16 704 -96 704 0
w -96 704 -96 672 0
w -96 496 -96 544 0
w 32 496 32 560 0
r 32 560 96 560 0 3000
r 96 560 96 608 0 1000
g 96 608 96 624 0 0
g 80 704 80 720 0 0
r 80 656 80 704 0 1000
r 16 656 80 656 0 3000
w 752 672 752 624 0
w 752 624 784 624 0
w 272 480 272 544 0
a 144 544 272 544 8 15 -15 1000000 -0.1981569572302734 -0.19815893879984572 100000
w 144 480 272 480 0
w 96 560 144 560 0
w 144 528 144 480 0
w 272 544 784 544 0
w 784 544 784 560 0
w 192 720 192 688 0
w 304 720 192 720 0
a 192 672 304 672 9 15 -15 1000000 0.19999600005999918 0.1999980000199998 100000
w 80 656 192 656 0
w 304 720 304 672 0
w 304 672 752 672 0
x 896 -64 1016 -61 4 24 480uA\smax
x 1266 375 1386 378 4 24 600uA\smax
o 59 4 0 4098 1.25 0.1 0 4 59 3 63 0 63 3
o 76 4 0 4098 2.5 0.1 1 1
38 37 0 0 0.00049 Current
38 43 0 1000 15000 VtoA1
38 44 0 10000 100000 VtoA2
38 22 0 510 550 Offset1
38 92 0 0 5 Env\sVoltage
38 94 0 2000 14000 Env\sOffset\s1
