$ 1 0.000005 0.04168620196785084 65 5 50 5e-11
t 416 384 464 384 0 1 -4.954519908974627 0.550964786775137 100 default
t 576 384 528 384 0 1 -4.482077987507809 -2.0403465493961046 100 default
r 416 384 416 288 0 100000
r 416 480 416 384 0 42000
R 416 144 416 80 0 0 40 9 0 0 0.5
g 416 480 416 496 0 0
w 464 400 464 432 0
w 464 432 496 432 0
w 496 432 528 432 0
w 528 432 528 400 0
w 464 368 464 352 0
w 528 368 528 320 0
t 496 304 464 304 0 -1 0 -0.5504520192180049 100 default
t 496 304 528 304 0 -1 3.0637532576380595 -0.5505105552645642 100 default
w 464 352 464 320 0
w 496 304 496 336 0
r 464 240 464 176 0 5000
r 528 240 528 176 0 5000
w 416 144 416 288 0
w 416 144 464 144 0
w 464 144 464 176 0
w 464 144 528 144 0
w 528 144 528 176 0
w 528 320 736 320 0
R 736 352 704 352 0 0 40 4.5 0 0 0.5
w 864 336 864 224 0
c 864 224 736 224 0 4.700000000000001e-9 -4.730716228450181 0.001
w 736 224 736 320 0
a 736 336 864 336 8 9 -9 1000000 4.500002307139213 4.5 100000
r 864 336 976 336 0 4200
r 976 336 976 224 0 13000
R 976 224 976 160 0 0 40 9 0 0 0.5
w 464 352 496 352 0
w 496 352 496 336 0
i 496 432 496 496 0 0.000180082
g 496 496 496 512 0 0
w 464 240 464 256 0
w 528 240 528 256 0
w 464 256 464 288 0
w 528 256 528 288 0
174 464 256 528 256 0 20000 0.24260000000000004 Bias
w 496 240 496 96 0
r 496 96 496 16 0 10000000
g 496 16 496 -16 0 0
r 1136 352 1136 224 0 10000
R 1136 224 1136 160 0 0 40 9 0 0 0.5
r 1136 352 1136 448 0 9000
g 1136 448 1136 464 0 0
w 1136 352 1248 352 0
w 1248 352 1248 496 0
w 1248 496 976 496 0
w 976 368 976 496 0
w 976 496 576 496 0
401 992 352 1088 352 1 8\s15\s-15\s1000000\s0.0179243196314037\s2.023297617613803\s100000 0\s20\s10000000000 0\s0
w 1088 352 1136 352 0
w 976 368 992 368 0
w 976 336 992 336 0
O 864 224 864 176 0 0
w 576 496 576 384 0
o 1 1 6 12546 3.056451365575977 0.0001 0 4 25 0 25 3 57 0
38 34 0 1.0000000000000001e-7 0.001 Current
