$ 1 0.000005 0.625470095193633 66 5 50 5e-11
t 416 384 464 384 0 1 -5.415542593059126 0.5314182311966178 100 default
t 576 384 528 384 0 1 -2.499968969688776 -2.105784811846426 100 default
r 416 384 416 288 0 100000
r 416 480 416 384 0 42000
R 416 144 416 80 0 0 40 9 0 0 0.5
g 416 480 416 496 0 0
w 464 400 464 432 0
w 464 432 496 432 0
w 496 432 528 432 0
w 528 432 528 400 0
w 464 368 464 352 0
w 528 368 528 320 0
t 496 304 464 304 0 -1 0 -0.5309065163982183 100 default
t 496 304 528 304 0 -1 5.5527766664133935 -0.5308580207868605 100 default
w 464 352 464 320 0
w 496 304 496 336 0
r 464 240 464 176 0 5000
r 528 240 528 176 0 5000
w 416 144 416 288 0
w 416 144 464 144 0
w 464 144 464 176 0
w 464 144 528 144 0
w 528 144 528 176 0
w 464 352 496 352 0
w 496 352 496 336 0
i 496 432 496 496 0 0.00008457999999999999
g 496 496 496 512 0 0
w 464 240 464 256 0
w 528 240 528 256 0
w 464 256 464 288 0
w 528 256 528 288 0
174 464 256 528 256 0 20000 0.5990000000000001 Bias
w 496 240 496 96 0
r 496 96 496 16 0 10000000
g 496 16 496 -16 0 0
w 1360 496 976 496 0
w 976 496 576 496 0
w 576 496 576 384 0
w 1360 320 1360 496 0
w 1312 320 1360 320 0
O 880 240 880 192 0 0
r 1312 320 1312 416 0 20000
g 1312 416 1312 448 0 0
r 1232 320 1312 320 0 14900
w 528 320 656 320 0
w 768 320 656 320 0
a 768 336 880 336 8 15 -15 1000000 2.499968992077429 2.5 100000
w 880 320 880 240 0
c 880 240 768 240 0 4.7000000000000004e-8 0.600823265041798 0.001
w 768 240 768 320 0
w 880 320 880 336 0
R 768 352 720 352 0 0 40 2.5 0 0 0.5
183 1136 320 1200 320 0 0.5 1.66 3.33 5 0
w 1200 320 1232 320 0
w 880 320 1136 320 0
o 40 1 0 12290 3.3385616068506736 0.0001 0 1
38 25 0 0.000001 0.00019999999999999998 Current
38 43 0 5000 20000 Resistance
38 51 0 -5 5 Voltage
